1.0533138848007635 3.1772269736092293
1.0347612805542858 3.69109509584025
1.118547960488628 1.5264551613058026
1.0451850393858806 3.5447650806681366
1.0453870986944866 3.4946270617411517
0.9693350837987171 5.108304145392095
1.0331772100572263 4.547857356596369
1.0251719363314251 4.586496234863635
1.0003208212787964 4.7503009880558285
1.0225782314054677 4.624812308503869
1.177336583596215 1.0178151661369075
1.068982349668328 2.4924723269584352
1.107065542741421 1.6735153404648673
1.096961183074881 1.7083034430670594
1.0689999892282533 2.136670184451541
1.169593166418927 1.0740552924509195
1.1618612063259655 1.1274936053323583
1.0771670428891498 1.9037287113808907
1.0848785592381232 1.8086574662067327
1.0869674578225643 1.742397116738403
1.1539196178944302 1.3636264606493256
1.0722222349940498 2.080880909489326
1.145661834476023 1.4473324572571655
1.0746982616020269 1.9645551975404016
1.1548160119931057 1.1785113019775793
1.1465178219761736 1.4061024795535124
1.154204470352668 1.227410260553666
