-32.76768947303191 6476.0
-51.500526792968515 13198.0
-49.407458380540284 9731.0
-42.8741576391054 8642.0
-50.83170374108616 12081.0
-44.540660077126866 8819.0
-51.10236296052355 13017.0
-43.651812147545314 8688.0
-51.397132416456756 13087.0
-32.90768526439545 6516.0
-35.668945921899244 7466.0
-33.99859091831075 7127.0
-49.729754546487065 9789.0
-50.529026976208314 11043.0
-48.10446842432792 9622.0
-48.517064567581365 9648.0
-50.024524002420286 10405.0
-34.21499073401599 7259.0
-45.43578494040048 9058.0
-42.16625698666499 8362.0
-38.30570395091131 7521.0
-40.647138887379235 7969.0
-28.27159884679673 5732.0
-47.070382326746454 9620.0
-39.0803868575859 7756.0
-39.887992063756485 7810.0
-42.25477583541912 8412.0
-46.93493742287175 9196.0
-33.3307299935117 7044.0
-40.162815497022024 7861.0
-43.77849213810402 8745.0
-46.41989631838449 9084.0
-39.53335307413115 7808.0
-51.07568581030907 13012.0
-50.87355770934012 12579.0
