-1.2678186393438051 793.0
-7.247076638847876 4506.0
-3.398255043145129 1073.0
-4.60836083595053 1801.0
-3.4856463685963455 1641.0
-4.9417775909876465 1948.0
-5.280644958437626 2140.0
-3.7316717981822443 1742.0
-6.883725307336971 3488.0
-6.903691922526438 3764.0
-5.526444230144535 2303.0
-6.830523968176086 3192.0
-7.224800194980256 4148.0
-6.965363594465184 4025.0
-5.866873544337093 2629.0
-5.5499287587211645 2530.0
-7.238269940631639 4432.0
-6.001482239989267 2791.0
-5.718879493985911 2568.0
-7.062085852739032 4090.0
-3.6010344576918465 1722.0
-6.593695305852195 3172.0
-6.1378572849281845 2823.0
-6.4734885190017195 3162.0
-6.397552276867443 3076.0
-6.181796301404657 2898.0
-6.360598002639431 3032.0
-6.234579543202033 3016.0
-6.189929165715131 2987.0
